"ppt" "prch" "N" "ischange" "respchange" "ntrials"
"1" 1 0.3 2 0 1 42
"2" 1 0.3 2 1 17 18
"3" 1 0.3 5 0 11 42
"4" 1 0.3 5 1 16 18
"5" 1 0.3 8 0 6 42
"6" 1 0.3 8 1 12 18
"7" 1 0.5 2 0 1 30
"8" 1 0.5 2 1 29 30
"9" 1 0.5 5 0 7 30
"10" 1 0.5 5 1 25 30
"11" 1 0.5 8 0 11 30
"12" 1 0.5 8 1 24 30
"13" 1 0.7 2 0 0 18
"14" 1 0.7 2 1 41 42
"15" 1 0.7 5 0 3 18
"16" 1 0.7 5 1 40 42
"17" 1 0.7 8 0 8 18
"18" 1 0.7 8 1 35 42
"19" 2 0.3 2 0 2 42
"20" 2 0.3 2 1 17 18
"21" 2 0.3 5 0 6 42
"22" 2 0.3 5 1 14 18
"23" 2 0.3 8 0 10 42
"24" 2 0.3 8 1 12 18
"25" 2 0.5 2 0 0 30
"26" 2 0.5 2 1 28 30
"27" 2 0.5 5 0 6 30
"28" 2 0.5 5 1 25 30
"29" 2 0.5 8 0 9 30
"30" 2 0.5 8 1 25 30
"31" 2 0.7 2 0 0 18
"32" 2 0.7 2 1 40 42
"33" 2 0.7 5 0 3 18
"34" 2 0.7 5 1 38 42
"35" 2 0.7 8 0 6 18
"36" 2 0.7 8 1 37 42
"37" 3 0.3 2 0 1 42
"38" 3 0.3 2 1 13 18
"39" 3 0.3 5 0 8 42
"40" 3 0.3 5 1 11 18
"41" 3 0.3 8 0 13 42
"42" 3 0.3 8 1 12 18
"43" 3 0.5 2 0 7 30
"44" 3 0.5 2 1 27 30
"45" 3 0.5 5 0 10 30
"46" 3 0.5 5 1 23 30
"47" 3 0.5 8 0 19 30
"48" 3 0.5 8 1 19 30
"49" 3 0.7 2 0 6 18
"50" 3 0.7 2 1 42 42
"51" 3 0.7 5 0 15 18
"52" 3 0.7 5 1 41 42
"53" 3 0.7 8 0 12 18
"54" 3 0.7 8 1 41 42
"55" 4 0.3 2 0 1 42
"56" 4 0.3 2 1 18 18
"57" 4 0.3 5 0 4 42
"58" 4 0.3 5 1 18 18
"59" 4 0.3 8 0 8 42
"60" 4 0.3 8 1 12 18
"61" 4 0.5 2 0 0 30
"62" 4 0.5 2 1 30 30
"63" 4 0.5 5 0 7 30
"64" 4 0.5 5 1 27 30
"65" 4 0.5 8 0 15 30
"66" 4 0.5 8 1 26 30
"67" 4 0.7 2 0 0 18
"68" 4 0.7 2 1 42 42
"69" 4 0.7 5 0 6 18
"70" 4 0.7 5 1 39 42
"71" 4 0.7 8 0 9 18
"72" 4 0.7 8 1 41 42
"73" 5 0.3 2 0 0 42
"74" 5 0.3 2 1 17 18
"75" 5 0.3 5 0 3 42
"76" 5 0.3 5 1 16 18
"77" 5 0.3 8 0 8 42
"78" 5 0.3 8 1 16 18
"79" 5 0.5 2 0 0 30
"80" 5 0.5 2 1 30 30
"81" 5 0.5 5 0 4 30
"82" 5 0.5 5 1 27 30
"83" 5 0.5 8 0 6 30
"84" 5 0.5 8 1 24 30
"85" 5 0.7 2 0 0 18
"86" 5 0.7 2 1 40 42
"87" 5 0.7 5 0 7 18
"88" 5 0.7 5 1 40 42
"89" 5 0.7 8 0 6 18
"90" 5 0.7 8 1 34 42
"91" 6 0.3 2 0 0 42
"92" 6 0.3 2 1 18 18
"93" 6 0.3 5 0 3 42
"94" 6 0.3 5 1 14 18
"95" 6 0.3 8 0 8 42
"96" 6 0.3 8 1 10 18
"97" 6 0.5 2 0 0 30
"98" 6 0.5 2 1 29 30
"99" 6 0.5 5 0 7 30
"100" 6 0.5 5 1 23 30
"101" 6 0.5 8 0 5 30
"102" 6 0.5 8 1 19 30
"103" 6 0.7 2 0 1 18
"104" 6 0.7 2 1 42 42
"105" 6 0.7 5 0 3 18
"106" 6 0.7 5 1 38 42
"107" 6 0.7 8 0 10 18
"108" 6 0.7 8 1 33 42
"109" 7 0.3 2 0 3 42
"110" 7 0.3 2 1 17 18
"111" 7 0.3 5 0 9 42
"112" 7 0.3 5 1 10 18
"113" 7 0.3 8 0 13 42
"114" 7 0.3 8 1 9 18
"115" 7 0.5 2 0 3 30
"116" 7 0.5 2 1 29 30
"117" 7 0.5 5 0 9 30
"118" 7 0.5 5 1 23 30
"119" 7 0.5 8 0 6 30
"120" 7 0.5 8 1 15 30
"121" 7 0.7 2 0 5 18
"122" 7 0.7 2 1 40 42
"123" 7 0.7 5 0 6 18
"124" 7 0.7 5 1 39 42
"125" 7 0.7 8 0 12 18
"126" 7 0.7 8 1 36 42
"127" 8 0.3 2 0 11 42
"128" 8 0.3 2 1 16 18
"129" 8 0.3 5 0 13 42
"130" 8 0.3 5 1 10 18
"131" 8 0.3 8 0 22 42
"132" 8 0.3 8 1 10 18
"133" 8 0.5 2 0 5 30
"134" 8 0.5 2 1 28 30
"135" 8 0.5 5 0 12 30
"136" 8 0.5 5 1 29 30
"137" 8 0.5 8 0 18 30
"138" 8 0.5 8 1 19 30
"139" 8 0.7 2 0 6 18
"140" 8 0.7 2 1 36 42
"141" 8 0.7 5 0 9 18
"142" 8 0.7 5 1 36 42
"143" 8 0.7 8 0 15 18
"144" 8 0.7 8 1 34 42
"145" 9 0.3 2 0 5 42
"146" 9 0.3 2 1 15 18
"147" 9 0.3 5 0 8 42
"148" 9 0.3 5 1 13 18
"149" 9 0.3 8 0 8 42
"150" 9 0.3 8 1 6 18
"151" 9 0.5 2 0 2 30
"152" 9 0.5 2 1 30 30
"153" 9 0.5 5 0 11 30
"154" 9 0.5 5 1 27 30
"155" 9 0.5 8 0 13 30
"156" 9 0.5 8 1 25 30
"157" 9 0.7 2 0 1 18
"158" 9 0.7 2 1 41 42
"159" 9 0.7 5 0 6 18
"160" 9 0.7 5 1 40 42
"161" 9 0.7 8 0 12 18
"162" 9 0.7 8 1 39 42
"163" 10 0.3 2 0 0 42
"164" 10 0.3 2 1 17 18
"165" 10 0.3 5 0 10 42
"166" 10 0.3 5 1 17 18
"167" 10 0.3 8 0 21 42
"168" 10 0.3 8 1 15 18
"169" 10 0.5 2 0 0 30
"170" 10 0.5 2 1 29 30
"171" 10 0.5 5 0 11 30
"172" 10 0.5 5 1 29 30
"173" 10 0.5 8 0 19 30
"174" 10 0.5 8 1 26 30
"175" 10 0.7 2 0 1 18
"176" 10 0.7 2 1 40 42
"177" 10 0.7 5 0 4 18
"178" 10 0.7 5 1 40 42
"179" 10 0.7 8 0 13 18
"180" 10 0.7 8 1 39 42
"181" 11 0.3 2 0 2 42
"182" 11 0.3 2 1 17 18
"183" 11 0.3 5 0 13 42
"184" 11 0.3 5 1 16 18
"185" 11 0.3 8 0 14 42
"186" 11 0.3 8 1 12 18
"187" 11 0.5 2 0 5 30
"188" 11 0.5 2 1 30 30
"189" 11 0.5 5 0 7 30
"190" 11 0.5 5 1 25 30
"191" 11 0.5 8 0 11 30
"192" 11 0.5 8 1 23 30
"193" 11 0.7 2 0 0 18
"194" 11 0.7 2 1 42 42
"195" 11 0.7 5 0 7 18
"196" 11 0.7 5 1 38 42
"197" 11 0.7 8 0 9 18
"198" 11 0.7 8 1 37 42
"199" 12 0.3 2 0 2 42
"200" 12 0.3 2 1 16 18
"201" 12 0.3 5 0 8 42
"202" 12 0.3 5 1 14 18
"203" 12 0.3 8 0 12 42
"204" 12 0.3 8 1 13 18
"205" 12 0.5 2 0 2 30
"206" 12 0.5 2 1 28 30
"207" 12 0.5 5 0 19 30
"208" 12 0.5 5 1 25 30
"209" 12 0.5 8 0 13 30
"210" 12 0.5 8 1 20 30
"211" 12 0.7 2 0 6 18
"212" 12 0.7 2 1 39 42
"213" 12 0.7 5 0 11 18
"214" 12 0.7 5 1 37 42
"215" 12 0.7 8 0 13 18
"216" 12 0.7 8 1 38 42
"217" 13 0.3 2 0 0 42
"218" 13 0.3 2 1 18 18
"219" 13 0.3 5 0 7 42
"220" 13 0.3 5 1 15 18
"221" 13 0.3 8 0 11 42
"222" 13 0.3 8 1 13 18
"223" 13 0.5 2 0 1 30
"224" 13 0.5 2 1 30 30
"225" 13 0.5 5 0 6 30
"226" 13 0.5 5 1 27 30
"227" 13 0.5 8 0 7 30
"228" 13 0.5 8 1 23 30
"229" 13 0.7 2 0 0 18
"230" 13 0.7 2 1 42 42
"231" 13 0.7 5 0 1 18
"232" 13 0.7 5 1 40 42
"233" 13 0.7 8 0 3 18
"234" 13 0.7 8 1 39 42
"235" 14 0.3 2 0 0 42
"236" 14 0.3 2 1 17 18
"237" 14 0.3 5 0 6 42
"238" 14 0.3 5 1 16 18
"239" 14 0.3 8 0 18 42
"240" 14 0.3 8 1 12 18
"241" 14 0.5 2 0 0 30
"242" 14 0.5 2 1 30 30
"243" 14 0.5 5 0 4 30
"244" 14 0.5 5 1 27 30
"245" 14 0.5 8 0 13 30
"246" 14 0.5 8 1 26 30
"247" 14 0.7 2 0 1 18
"248" 14 0.7 2 1 41 42
"249" 14 0.7 5 0 5 18
"250" 14 0.7 5 1 40 42
"251" 14 0.7 8 0 8 18
"252" 14 0.7 8 1 40 42
"253" 15 0.3 2 0 2 42
"254" 15 0.3 2 1 16 18
"255" 15 0.3 5 0 3 42
"256" 15 0.3 5 1 16 18
"257" 15 0.3 8 0 8 42
"258" 15 0.3 8 1 12 18
"259" 15 0.5 2 0 3 30
"260" 15 0.5 2 1 28 30
"261" 15 0.5 5 0 4 30
"262" 15 0.5 5 1 24 30
"263" 15 0.5 8 0 10 30
"264" 15 0.5 8 1 27 30
"265" 15 0.7 2 0 2 18
"266" 15 0.7 2 1 41 42
"267" 15 0.7 5 0 2 18
"268" 15 0.7 5 1 40 42
"269" 15 0.7 8 0 7 18
"270" 15 0.7 8 1 39 42
"271" 16 0.3 2 0 0 42
"272" 16 0.3 2 1 17 18
"273" 16 0.3 5 0 6 42
"274" 16 0.3 5 1 16 18
"275" 16 0.3 8 0 8 42
"276" 16 0.3 8 1 9 18
"277" 16 0.5 2 0 0 30
"278" 16 0.5 2 1 30 30
"279" 16 0.5 5 0 7 30
"280" 16 0.5 5 1 25 30
"281" 16 0.5 8 0 10 30
"282" 16 0.5 8 1 18 30
"283" 16 0.7 2 0 1 18
"284" 16 0.7 2 1 41 42
"285" 16 0.7 5 0 4 18
"286" 16 0.7 5 1 37 42
"287" 16 0.7 8 0 11 18
"288" 16 0.7 8 1 34 42
"289" 17 0.3 2 0 0 42
"290" 17 0.3 2 1 18 18
"291" 17 0.3 5 0 1 42
"292" 17 0.3 5 1 16 18
"293" 17 0.3 8 0 12 42
"294" 17 0.3 8 1 16 18
"295" 17 0.5 2 0 2 30
"296" 17 0.5 2 1 30 30
"297" 17 0.5 5 0 6 30
"298" 17 0.5 5 1 29 30
"299" 17 0.5 8 0 10 30
"300" 17 0.5 8 1 28 30
"301" 17 0.7 2 0 1 18
"302" 17 0.7 2 1 42 42
"303" 17 0.7 5 0 0 18
"304" 17 0.7 5 1 41 42
"305" 17 0.7 8 0 3 18
"306" 17 0.7 8 1 37 42
"307" 18 0.3 2 0 2 42
"308" 18 0.3 2 1 17 18
"309" 18 0.3 5 0 18 42
"310" 18 0.3 5 1 11 18
"311" 18 0.3 8 0 18 42
"312" 18 0.3 8 1 6 18
"313" 18 0.5 2 0 2 30
"314" 18 0.5 2 1 29 30
"315" 18 0.5 5 0 12 30
"316" 18 0.5 5 1 23 30
"317" 18 0.5 8 0 14 30
"318" 18 0.5 8 1 21 30
"319" 18 0.7 2 0 0 18
"320" 18 0.7 2 1 41 42
"321" 18 0.7 5 0 12 18
"322" 18 0.7 5 1 32 42
"323" 18 0.7 8 0 9 18
"324" 18 0.7 8 1 32 42
"325" 19 0.3 2 0 14 42
"326" 19 0.3 2 1 12 18
"327" 19 0.3 5 0 17 42
"328" 19 0.3 5 1 12 18
"329" 19 0.3 8 0 24 42
"330" 19 0.3 8 1 10 18
"331" 19 0.5 2 0 9 30
"332" 19 0.5 2 1 26 30
"333" 19 0.5 5 0 12 30
"334" 19 0.5 5 1 27 30
"335" 19 0.5 8 0 17 30
"336" 19 0.5 8 1 25 30
"337" 19 0.7 2 0 5 18
"338" 19 0.7 2 1 41 42
"339" 19 0.7 5 0 12 18
"340" 19 0.7 5 1 36 42
"341" 19 0.7 8 0 14 18
"342" 19 0.7 8 1 37 42
"343" 20 0.3 2 0 0 42
"344" 20 0.3 2 1 17 18
"345" 20 0.3 5 0 5 42
"346" 20 0.3 5 1 18 18
"347" 20 0.3 8 0 10 42
"348" 20 0.3 8 1 18 18
"349" 20 0.5 2 0 0 30
"350" 20 0.5 2 1 30 30
"351" 20 0.5 5 0 3 30
"352" 20 0.5 5 1 29 30
"353" 20 0.5 8 0 5 30
"354" 20 0.5 8 1 29 30
"355" 20 0.7 2 0 3 18
"356" 20 0.7 2 1 42 42
"357" 20 0.7 5 0 3 18
"358" 20 0.7 5 1 41 42
"359" 20 0.7 8 0 5 18
"360" 20 0.7 8 1 35 42
"361" 21 0.3 2 0 2 42
"362" 21 0.3 2 1 17 18
"363" 21 0.3 5 0 7 42
"364" 21 0.3 5 1 17 18
"365" 21 0.3 8 0 16 42
"366" 21 0.3 8 1 13 18
"367" 21 0.5 2 0 1 30
"368" 21 0.5 2 1 29 30
"369" 21 0.5 5 0 7 30
"370" 21 0.5 5 1 27 30
"371" 21 0.5 8 0 12 30
"372" 21 0.5 8 1 24 30
"373" 21 0.7 2 0 0 18
"374" 21 0.7 2 1 40 42
"375" 21 0.7 5 0 7 18
"376" 21 0.7 5 1 39 42
"377" 21 0.7 8 0 6 18
"378" 21 0.7 8 1 34 42
"379" 22 0.3 2 0 0 42
"380" 22 0.3 2 1 17 18
"381" 22 0.3 5 0 16 42
"382" 22 0.3 5 1 13 18
"383" 22 0.3 8 0 12 42
"384" 22 0.3 8 1 3 18
"385" 22 0.5 2 0 2 30
"386" 22 0.5 2 1 30 30
"387" 22 0.5 5 0 14 30
"388" 22 0.5 5 1 20 30
"389" 22 0.5 8 0 15 30
"390" 22 0.5 8 1 21 30
"391" 22 0.7 2 0 3 18
"392" 22 0.7 2 1 41 42
"393" 22 0.7 5 0 8 18
"394" 22 0.7 5 1 36 42
"395" 22 0.7 8 0 11 18
"396" 22 0.7 8 1 34 42
"397" 23 0.3 2 0 2 42
"398" 23 0.3 2 1 18 18
"399" 23 0.3 5 0 4 42
"400" 23 0.3 5 1 15 18
"401" 23 0.3 8 0 12 42
"402" 23 0.3 8 1 16 18
"403" 23 0.5 2 0 2 30
"404" 23 0.5 2 1 27 30
"405" 23 0.5 5 0 8 30
"406" 23 0.5 5 1 27 30
"407" 23 0.5 8 0 9 30
"408" 23 0.5 8 1 22 30
"409" 23 0.7 2 0 1 18
"410" 23 0.7 2 1 39 42
"411" 23 0.7 5 0 3 18
"412" 23 0.7 5 1 40 42
"413" 23 0.7 8 0 11 18
"414" 23 0.7 8 1 34 42
